50058114,16868680000,353222063480000
50058115,16868680001,353222063480001
50058116,16868680002,353222063480002
50058117,16868680003,353222063480003
50058118,16868680004,353222063480004
50058119,16868680005,353222063480005
50058120,16868680006,353222063480006
50058121,16868680007,353222063480007
50058122,16868680008,353222063480008
50058123,16868680009,353222063480009
50058124,16868680010,353222063480010
50058125,16868680011,353222063480011
50058126,16868680012,353222063480012
50058127,16868680013,353222063480013
50058128,16868680014,353222063480014
50058129,16868680015,353222063480015
50058130,16868680016,353222063480016
50058131,16868680017,353222063480017
50058132,16868680018,353222063480018
50058133,16868680019,353222063480019
50058134,16868680020,353222063480020
50058135,16868680021,353222063480021
50058136,16868680022,353222063480022
50058137,16868680023,353222063480023
50058138,16868680024,353222063480024
50058139,16868680025,353222063480025
50058140,16868680026,353222063480026
50058141,16868680027,353222063480027
50058142,16868680028,353222063480028
50058143,16868680029,353222063480029
50058144,16868680030,353222063480030
50058145,16868680031,353222063480031
50058146,16868680032,353222063480032
50058147,16868680033,353222063480033
50058148,16868680034,353222063480034
50058149,16868680035,353222063480035
50058151,16868680037,353222063480037
50058152,16868680038,353222063480038
50058153,16868680039,353222063480039
50058154,16868680040,353222063480040
50058155,16868680041,353222063480041
50058156,16868680042,353222063480042
50058157,16868680043,353222063480043
50058158,16868680044,353222063480044
50058159,16868680045,353222063480045
50058160,16868680046,353222063480046
50058161,16868680047,353222063480047
50058162,16868680048,353222063480048
50058163,16868680049,353222063480049
50058164,16868680050,353222063480050
50058165,16868680051,353222063480051
50058166,16868680052,353222063480052
50058167,16868680053,353222063480053
50058168,16868680054,353222063480054
50058169,16868680055,353222063480055
50058170,16868680056,353222063480056
50058171,16868680057,353222063480057
50058172,16868680058,353222063480058
50058173,16868680059,353222063480059
50058174,16868680060,353222063480060
50058175,16868680061,353222063480061
50058176,16868680062,353222063480062
50058177,16868680063,353222063480063
50058178,16868680064,353222063480064
50058179,16868680065,353222063480065
50058180,16868680066,353222063480066
50058181,16868680067,353222063480067
50058182,16868680068,353222063480068
50058183,16868680069,353222063480069
50058184,16868680070,353222063480070
50058185,16868680071,353222063480071
50058186,16868680072,353222063480072
50058187,16868680073,353222063480073
50058188,16868680074,353222063480074
50058189,16868680075,353222063480075
50058190,16868680076,353222063480076
50058191,16868680077,353222063480077
50058192,16868680078,353222063480078
50058193,16868680079,353222063480079
50058194,16868680080,353222063480080
50058195,16868680081,353222063480081
50058196,16868680082,353222063480082
50058197,16868680083,353222063480083
50058198,16868680084,353222063480084
50058199,16868680085,353222063480085
50058200,16868680086,353222063480086
50058201,16868680087,353222063480087
50058202,16868680088,353222063480088
50058203,16868680089,353222063480089
50058204,16868680090,353222063480090
50058205,16868680091,353222063480091
50058206,16868680092,353222063480092
50058207,16868680093,353222063480093
50058208,16868680094,353222063480094
50058209,16868680095,353222063480095
50058210,16868680096,353222063480096
50058211,16868680097,353222063480097
50058212,16868680098,353222063480098
50058213,16868680099,353222063480099
50058214,16868680100,353222063480100
50058215,16868680101,353222063480101
50058216,16868680102,353222063480102
50058217,16868680103,353222063480103
50058218,16868680104,353222063480104
50058219,16868680105,353222063480105
50058220,16868680106,353222063480106
50058221,16868680107,353222063480107
50058222,16868680108,353222063480108
50058223,16868680109,353222063480109
50058224,16868680110,353222063480110
50058225,16868680111,353222063480111
50058226,16868680112,353222063480112
50058227,16868680113,353222063480113
50058228,16868680114,353222063480114
50058229,16868680115,353222063480115
50058230,16868680116,353222063480116
50058231,16868680117,353222063480117
50058232,16868680118,353222063480118
50058233,16868680119,353222063480119
50058234,16868680120,353222063480120
50058235,16868680121,353222063480121
50058236,16868680122,353222063480122
50058237,16868680123,353222063480123
50058238,16868680124,353222063480124
50058239,16868680125,353222063480125
50058240,16868680126,353222063480126
50058241,16868680127,353222063480127
50058242,16868680128,353222063480128
50058243,16868680129,353222063480129
50058244,16868680130,353222063480130
50058245,16868680131,353222063480131
50058246,16868680132,353222063480132
50058247,16868680133,353222063480133
50058248,16868680134,353222063480134
50058249,16868680135,353222063480135
50058250,16868680136,353222063480136
50058251,16868680137,353222063480137
50058252,16868680138,353222063480138
50058253,16868680139,353222063480139
50058254,16868680140,353222063480140
50058255,16868680141,353222063480141
50058256,16868680142,353222063480142
50058257,16868680143,353222063480143
50058258,16868680144,353222063480144
50058259,16868680145,353222063480145
50058260,16868680146,353222063480146
50058261,16868680147,353222063480147
50058262,16868680148,353222063480148
50058263,16868680149,353222063480149
50058264,16868680150,353222063480150
50058265,16868680151,353222063480151
50058266,16868680152,353222063480152
50058267,16868680153,353222063480153
50058268,16868680154,353222063480154
50058269,16868680155,353222063480155
50058270,16868680156,353222063480156
50058271,16868680157,353222063480157
50058272,16868680158,353222063480158
50058273,16868680159,353222063480159
50058274,16868680160,353222063480160
50058275,16868680161,353222063480161
50058276,16868680162,353222063480162
50058277,16868680163,353222063480163
50058278,16868680164,353222063480164
50058279,16868680165,353222063480165
50058280,16868680166,353222063480166
50058281,16868680167,353222063480167
50058282,16868680168,353222063480168
50058283,16868680169,353222063480169
50058284,16868680170,353222063480170
50058285,16868680171,353222063480171
50058286,16868680172,353222063480172
50058287,16868680173,353222063480173
50058288,16868680174,353222063480174
50058289,16868680175,353222063480175
50058290,16868680176,353222063480176
50058291,16868680177,353222063480177
50058292,16868680178,353222063480178
50058293,16868680179,353222063480179
50058294,16868680180,353222063480180
50058295,16868680181,353222063480181
50058296,16868680182,353222063480182
50058297,16868680183,353222063480183
50058298,16868680184,353222063480184
50058299,16868680185,353222063480185
50058300,16868680186,353222063480186
50058301,16868680187,353222063480187
50058302,16868680188,353222063480188
50058303,16868680189,353222063480189
50058304,16868680190,353222063480190
50058305,16868680191,353222063480191
50058306,16868680192,353222063480192
50058307,16868680193,353222063480193
50058308,16868680194,353222063480194
50058309,16868680195,353222063480195
50058310,16868680196,353222063480196
50058311,16868680197,353222063480197
50058312,16868680198,353222063480198
50058313,16868680199,353222063480199
50058314,16868680200,353222063480200
50058315,16868680201,353222063480201
50058316,16868680202,353222063480202
50058317,16868680203,353222063480203
50058318,16868680204,353222063480204
50058319,16868680205,353222063480205
50058320,16868680206,353222063480206
50058321,16868680207,353222063480207
50058322,16868680208,353222063480208
50058323,16868680209,353222063480209
50058324,16868680210,353222063480210
50058325,16868680211,353222063480211
50058326,16868680212,353222063480212
50058327,16868680213,353222063480213
50058328,16868680214,353222063480214
50058329,16868680215,353222063480215
50058330,16868680216,353222063480216
50058331,16868680217,353222063480217
50058332,16868680218,353222063480218
50058333,16868680219,353222063480219
50058334,16868680220,353222063480220
50058335,16868680221,353222063480221
50058336,16868680222,353222063480222
50058337,16868680223,353222063480223
50058338,16868680224,353222063480224
50058339,16868680225,353222063480225
50058340,16868680226,353222063480226
50058341,16868680227,353222063480227
50058342,16868680228,353222063480228
50058343,16868680229,353222063480229
50058344,16868680230,353222063480230
50058345,16868680231,353222063480231
50058346,16868680232,353222063480232
50058347,16868680233,353222063480233
50058348,16868680234,353222063480234
50058349,16868680235,353222063480235
50058350,16868680236,353222063480236
50058351,16868680237,353222063480237
50058352,16868680238,353222063480238
50058353,16868680239,353222063480239
50058354,16868680240,353222063480240
50058355,16868680241,353222063480241
50058356,16868680242,353222063480242
50058357,16868680243,353222063480243
50058358,16868680244,353222063480244
50058359,16868680245,353222063480245
50058360,16868680246,353222063480246
50058361,16868680247,353222063480247
50058362,16868680248,353222063480248
50058363,16868680249,353222063480249
50058364,16868680250,353222063480250
50058365,16868680251,353222063480251
50058366,16868680252,353222063480252
50058367,16868680253,353222063480253
50058368,16868680254,353222063480254
50058369,16868680255,353222063480255
50058370,16868680256,353222063480256
50058371,16868680257,353222063480257
50058372,16868680258,353222063480258
50058373,16868680259,353222063480259
50058374,16868680260,353222063480260
50058375,16868680261,353222063480261
50058376,16868680262,353222063480262
50058377,16868680263,353222063480263
50058378,16868680264,353222063480264
50058379,16868680265,353222063480265
50058380,16868680266,353222063480266
50058381,16868680267,353222063480267
50058382,16868680268,353222063480268
50058383,16868680269,353222063480269
50058384,16868680270,353222063480270
50058385,16868680271,353222063480271
50058386,16868680272,353222063480272
50058387,16868680273,353222063480273
50058388,16868680274,353222063480274
50058389,16868680275,353222063480275
50058390,16868680276,353222063480276
50058391,16868680277,353222063480277
50058392,16868680278,353222063480278
50058393,16868680279,353222063480279
50058394,16868680280,353222063480280
50058395,16868680281,353222063480281
50058396,16868680282,353222063480282
50058397,16868680283,353222063480283
50058398,16868680284,353222063480284
50058399,16868680285,353222063480285
50058400,16868680286,353222063480286
50058401,16868680287,353222063480287
50058402,16868680288,353222063480288
50058403,16868680289,353222063480289
50058404,16868680290,353222063480290
50058405,16868680291,353222063480291
50058406,16868680292,353222063480292
50058407,16868680293,353222063480293
50058408,16868680294,353222063480294
50058409,16868680295,353222063480295
50058410,16868680296,353222063480296
50058411,16868680297,353222063480297
50058412,16868680298,353222063480298
50058413,16868680299,353222063480299
50058414,16868680300,353222063480300
50058415,16868680301,353222063480301
50058416,16868680302,353222063480302
50058417,16868680303,353222063480303
50058418,16868680304,353222063480304
50058419,16868680305,353222063480305
50058420,16868680306,353222063480306
50058421,16868680307,353222063480307
50058422,16868680308,353222063480308
50058423,16868680309,353222063480309
50058424,16868680310,353222063480310
50058425,16868680311,353222063480311
50058426,16868680312,353222063480312
50058427,16868680313,353222063480313
50058428,16868680314,353222063480314
50058429,16868680315,353222063480315
50058430,16868680316,353222063480316
50058431,16868680317,353222063480317
50058432,16868680318,353222063480318
50058433,16868680319,353222063480319
50058434,16868680320,353222063480320
50058435,16868680321,353222063480321
50058436,16868680322,353222063480322
50058437,16868680323,353222063480323
50058438,16868680324,353222063480324
50058439,16868680325,353222063480325
50058440,16868680326,353222063480326
50058441,16868680327,353222063480327
50058442,16868680328,353222063480328
50058443,16868680329,353222063480329
50058444,16868680330,353222063480330
50058445,16868680331,353222063480331
50058446,16868680332,353222063480332
50058447,16868680333,353222063480333
50058448,16868680334,353222063480334
50058449,16868680335,353222063480335
50058450,16868680336,353222063480336
50058451,16868680337,353222063480337
50058452,16868680338,353222063480338
50058453,16868680339,353222063480339
50058454,16868680340,353222063480340
50058455,16868680341,353222063480341
50058456,16868680342,353222063480342
50058457,16868680343,353222063480343
50058458,16868680344,353222063480344
50058459,16868680345,353222063480345
50058460,16868680346,353222063480346
50058461,16868680347,353222063480347
50058462,16868680348,353222063480348
50058463,16868680349,353222063480349
50058464,16868680350,353222063480350
50058465,16868680351,353222063480351
50058466,16868680352,353222063480352
50058467,16868680353,353222063480353
50058468,16868680354,353222063480354
50058469,16868680355,353222063480355
50058470,16868680356,353222063480356
50058471,16868680357,353222063480357
50058472,16868680358,353222063480358
50058473,16868680359,353222063480359
50058474,16868680360,353222063480360
50058475,16868680361,353222063480361
50058476,16868680362,353222063480362
50058477,16868680363,353222063480363
50058478,16868680364,353222063480364
50058479,16868680365,353222063480365
50058480,16868680366,353222063480366
50058481,16868680367,353222063480367
50058482,16868680368,353222063480368
50058483,16868680369,353222063480369
50058484,16868680370,353222063480370
50058485,16868680371,353222063480371
50058486,16868680372,353222063480372
50058487,16868680373,353222063480373
50058488,16868680374,353222063480374
50058489,16868680375,353222063480375
50058490,16868680376,353222063480376
50058491,16868680377,353222063480377
50058492,16868680378,353222063480378
50058493,16868680379,353222063480379
50058494,16868680380,353222063480380
50058495,16868680381,353222063480381
50058496,16868680382,353222063480382
50058497,16868680383,353222063480383
50058498,16868680384,353222063480384
50058499,16868680385,353222063480385
50058500,16868680386,353222063480386
50058501,16868680387,353222063480387
50058502,16868680388,353222063480388
50058503,16868680389,353222063480389
50058504,16868680390,353222063480390
50058505,16868680391,353222063480391
50058506,16868680392,353222063480392
50058507,16868680393,353222063480393
50058508,16868680394,353222063480394
50058509,16868680395,353222063480395
50058510,16868680396,353222063480396
50058511,16868680397,353222063480397
50058512,16868680398,353222063480398
50058513,16868680399,353222063480399
50058514,16868680400,353222063480400
50058515,16868680401,353222063480401
50058516,16868680402,353222063480402
50058517,16868680403,353222063480403
50058518,16868680404,353222063480404
50058519,16868680405,353222063480405
50058520,16868680406,353222063480406
50058521,16868680407,353222063480407
50058522,16868680408,353222063480408
50058523,16868680409,353222063480409
50058524,16868680410,353222063480410
50058525,16868680411,353222063480411
50058526,16868680412,353222063480412
50058527,16868680413,353222063480413
50058528,16868680414,353222063480414
50058529,16868680415,353222063480415
50058530,16868680416,353222063480416
50058531,16868680417,353222063480417
50058532,16868680418,353222063480418
50058533,16868680419,353222063480419
50058534,16868680420,353222063480420
50058535,16868680421,353222063480421
50058536,16868680422,353222063480422
50058537,16868680423,353222063480423
50058538,16868680424,353222063480424
50058539,16868680425,353222063480425
50058540,16868680426,353222063480426
50058541,16868680427,353222063480427
50058542,16868680428,353222063480428
50058543,16868680429,353222063480429
50058544,16868680430,353222063480430
50058545,16868680431,353222063480431
50058546,16868680432,353222063480432
50058547,16868680433,353222063480433
50058548,16868680434,353222063480434
50058549,16868680435,353222063480435
50058550,16868680436,353222063480436
50058551,16868680437,353222063480437
50058552,16868680438,353222063480438
50058553,16868680439,353222063480439
50058554,16868680440,353222063480440
50058555,16868680441,353222063480441
50058556,16868680442,353222063480442
50058557,16868680443,353222063480443
50058558,16868680444,353222063480444
50058559,16868680445,353222063480445
50058560,16868680446,353222063480446
50058561,16868680447,353222063480447
50058562,16868680448,353222063480448
50058563,16868680449,353222063480449
50058564,16868680450,353222063480450
50058565,16868680451,353222063480451
50058566,16868680452,353222063480452
50058567,16868680453,353222063480453
50058568,16868680454,353222063480454
50058569,16868680455,353222063480455
50058570,16868680456,353222063480456
50058571,16868680457,353222063480457
50058572,16868680458,353222063480458
50058573,16868680459,353222063480459
50058574,16868680460,353222063480460
50058575,16868680461,353222063480461
50058576,16868680462,353222063480462
50058577,16868680463,353222063480463
50058578,16868680464,353222063480464
50058579,16868680465,353222063480465
50058580,16868680466,353222063480466
50058581,16868680467,353222063480467
50058582,16868680468,353222063480468
50058583,16868680469,353222063480469
50058584,16868680470,353222063480470
50058585,16868680471,353222063480471
50058586,16868680472,353222063480472
50058587,16868680473,353222063480473
50058588,16868680474,353222063480474
50058589,16868680475,353222063480475
50058590,16868680476,353222063480476
50058591,16868680477,353222063480477
50058592,16868680478,353222063480478
50058593,16868680479,353222063480479
50058594,16868680480,353222063480480
50058595,16868680481,353222063480481
50058596,16868680482,353222063480482
50058597,16868680483,353222063480483
50058598,16868680484,353222063480484
50058599,16868680485,353222063480485
50058600,16868680486,353222063480486
50058601,16868680487,353222063480487
50058602,16868680488,353222063480488
50058603,16868680489,353222063480489
50058604,16868680490,353222063480490
50058605,16868680491,353222063480491
50058606,16868680492,353222063480492
50058607,16868680493,353222063480493
50058608,16868680494,353222063480494
50058609,16868680495,353222063480495
50058610,16868680496,353222063480496
50058611,16868680497,353222063480497
50058612,16868680498,353222063480498
50058613,16868680499,353222063480499
50058614,16868680500,353222063480500
50058615,16868680501,353222063480501
50058616,16868680502,353222063480502
50058617,16868680503,353222063480503
50058618,16868680504,353222063480504
50058619,16868680505,353222063480505
50058620,16868680506,353222063480506
50058621,16868680507,353222063480507
50058622,16868680508,353222063480508
50058623,16868680509,353222063480509
50058624,16868680510,353222063480510
50058625,16868680511,353222063480511
50058626,16868680512,353222063480512
50058627,16868680513,353222063480513
50058628,16868680514,353222063480514
50058629,16868680515,353222063480515
50058630,16868680516,353222063480516
50058631,16868680517,353222063480517
50058632,16868680518,353222063480518
50058633,16868680519,353222063480519
50058634,16868680520,353222063480520
50058635,16868680521,353222063480521
50058636,16868680522,353222063480522
50058637,16868680523,353222063480523
50058638,16868680524,353222063480524
50058639,16868680525,353222063480525
50058640,16868680526,353222063480526
50058641,16868680527,353222063480527
50058642,16868680528,353222063480528
50058643,16868680529,353222063480529
50058644,16868680530,353222063480530
50058645,16868680531,353222063480531
50058646,16868680532,353222063480532
50058647,16868680533,353222063480533
50058648,16868680534,353222063480534
50058649,16868680535,353222063480535
50058650,16868680536,353222063480536
50058651,16868680537,353222063480537
50058652,16868680538,353222063480538
50058653,16868680539,353222063480539
50058654,16868680540,353222063480540
50058655,16868680541,353222063480541
50058656,16868680542,353222063480542
50058657,16868680543,353222063480543
50058658,16868680544,353222063480544
50058659,16868680545,353222063480545
50058660,16868680546,353222063480546
50058661,16868680547,353222063480547
50058662,16868680548,353222063480548
50058663,16868680549,353222063480549
50058664,16868680550,353222063480550
50058665,16868680551,353222063480551
50058666,16868680552,353222063480552
50058667,16868680553,353222063480553
50058668,16868680554,353222063480554
50058669,16868680555,353222063480555
50058670,16868680556,353222063480556
50058671,16868680557,353222063480557
50058672,16868680558,353222063480558
50058673,16868680559,353222063480559
50058674,16868680560,353222063480560
50058675,16868680561,353222063480561
50058676,16868680562,353222063480562
50058677,16868680563,353222063480563
50058678,16868680564,353222063480564
50058679,16868680565,353222063480565
50058680,16868680566,353222063480566
50058681,16868680567,353222063480567
50058682,16868680568,353222063480568
50058683,16868680569,353222063480569
50058684,16868680570,353222063480570
50058685,16868680571,353222063480571
50058686,16868680572,353222063480572
50058687,16868680573,353222063480573
50058688,16868680574,353222063480574
50058689,16868680575,353222063480575
50058690,16868680576,353222063480576
50058691,16868680577,353222063480577
50058692,16868680578,353222063480578
50058693,16868680579,353222063480579
50058694,16868680580,353222063480580
50058695,16868680581,353222063480581
50058696,16868680582,353222063480582
50058697,16868680583,353222063480583
50058698,16868680584,353222063480584
50058699,16868680585,353222063480585
50058700,16868680586,353222063480586
50058701,16868680587,353222063480587
50058702,16868680588,353222063480588
50058703,16868680589,353222063480589
50058704,16868680590,353222063480590
50058705,16868680591,353222063480591
50058706,16868680592,353222063480592
50058707,16868680593,353222063480593
50058708,16868680594,353222063480594
50058709,16868680595,353222063480595
50058710,16868680596,353222063480596
50058711,16868680597,353222063480597
50058712,16868680598,353222063480598
50058713,16868680599,353222063480599
50058714,16868680600,353222063480600
50058715,16868680601,353222063480601
50058716,16868680602,353222063480602
50058717,16868680603,353222063480603
50058718,16868680604,353222063480604
50058719,16868680605,353222063480605
50058720,16868680606,353222063480606
50058721,16868680607,353222063480607
50058722,16868680608,353222063480608
50058723,16868680609,353222063480609
50058724,16868680610,353222063480610
50058725,16868680611,353222063480611
50058726,16868680612,353222063480612
50058727,16868680613,353222063480613
50058728,16868680614,353222063480614
50058729,16868680615,353222063480615
50058730,16868680616,353222063480616
50058731,16868680617,353222063480617
50058732,16868680618,353222063480618
50058733,16868680619,353222063480619
50058734,16868680620,353222063480620
50058735,16868680621,353222063480621
50058736,16868680622,353222063480622
50058737,16868680623,353222063480623
50058738,16868680624,353222063480624
50058739,16868680625,353222063480625
50058740,16868680626,353222063480626
50058741,16868680627,353222063480627
50058742,16868680628,353222063480628
50058743,16868680629,353222063480629
50058744,16868680630,353222063480630
50058745,16868680631,353222063480631
50058746,16868680632,353222063480632
50058747,16868680633,353222063480633
50058748,16868680634,353222063480634
50058749,16868680635,353222063480635
50058750,16868680636,353222063480636
50058751,16868680637,353222063480637
50058752,16868680638,353222063480638
50058753,16868680639,353222063480639
50058754,16868680640,353222063480640
50058755,16868680641,353222063480641
50058756,16868680642,353222063480642
50058757,16868680643,353222063480643
50058758,16868680644,353222063480644
50058759,16868680645,353222063480645
50058760,16868680646,353222063480646
50058761,16868680647,353222063480647
50058762,16868680648,353222063480648
50058763,16868680649,353222063480649
50058764,16868680650,353222063480650
50058765,16868680651,353222063480651
50058766,16868680652,353222063480652
50058767,16868680653,353222063480653
50058768,16868680654,353222063480654
50058769,16868680655,353222063480655
50058770,16868680656,353222063480656
50058771,16868680657,353222063480657
50058772,16868680658,353222063480658
50058773,16868680659,353222063480659
50058774,16868680660,353222063480660
50058775,16868680661,353222063480661
50058776,16868680662,353222063480662
50058777,16868680663,353222063480663
50058778,16868680664,353222063480664
50058779,16868680665,353222063480665
50058780,16868680666,353222063480666
50058781,16868680667,353222063480667
50058782,16868680668,353222063480668
50058783,16868680669,353222063480669
50058784,16868680670,353222063480670
50058785,16868680671,353222063480671
50058786,16868680672,353222063480672
50058787,16868680673,353222063480673
50058788,16868680674,353222063480674
50058789,16868680675,353222063480675
50058790,16868680676,353222063480676
50058791,16868680677,353222063480677
50058792,16868680678,353222063480678
50058793,16868680679,353222063480679
50058794,16868680680,353222063480680
50058795,16868680681,353222063480681
50058796,16868680682,353222063480682
50058797,16868680683,353222063480683
50058798,16868680684,353222063480684
50058799,16868680685,353222063480685
50058800,16868680686,353222063480686
50058801,16868680687,353222063480687
50058802,16868680688,353222063480688
50058803,16868680689,353222063480689
50058804,16868680690,353222063480690
50058805,16868680691,353222063480691
50058806,16868680692,353222063480692
50058807,16868680693,353222063480693
50058808,16868680694,353222063480694
50058809,16868680695,353222063480695
50058810,16868680696,353222063480696
50058811,16868680697,353222063480697
50058812,16868680698,353222063480698
50058813,16868680699,353222063480699
50058814,16868680700,353222063480700
50058815,16868680701,353222063480701
50058816,16868680702,353222063480702
50058817,16868680703,353222063480703
50058818,16868680704,353222063480704
50058819,16868680705,353222063480705
50058820,16868680706,353222063480706
50058821,16868680707,353222063480707
50058822,16868680708,353222063480708
50058823,16868680709,353222063480709
50058824,16868680710,353222063480710
50058825,16868680711,353222063480711
50058826,16868680712,353222063480712
50058827,16868680713,353222063480713
50058828,16868680714,353222063480714
50058829,16868680715,353222063480715
50058830,16868680716,353222063480716
50058831,16868680717,353222063480717
50058832,16868680718,353222063480718
50058833,16868680719,353222063480719
50058834,16868680720,353222063480720
50058835,16868680721,353222063480721
50058836,16868680722,353222063480722
50058837,16868680723,353222063480723
50058838,16868680724,353222063480724
50058839,16868680725,353222063480725
50058840,16868680726,353222063480726
50058841,16868680727,353222063480727
50058842,16868680728,353222063480728
50058843,16868680729,353222063480729
50058844,16868680730,353222063480730
50058845,16868680731,353222063480731
50058846,16868680732,353222063480732
50058847,16868680733,353222063480733
50058848,16868680734,353222063480734
50058849,16868680735,353222063480735
50058850,16868680736,353222063480736
50058851,16868680737,353222063480737
50058852,16868680738,353222063480738
50058853,16868680739,353222063480739
50058854,16868680740,353222063480740
50058855,16868680741,353222063480741
50058856,16868680742,353222063480742
50058857,16868680743,353222063480743
50058858,16868680744,353222063480744
50058859,16868680745,353222063480745
50058860,16868680746,353222063480746
50058861,16868680747,353222063480747
50058862,16868680748,353222063480748
50058863,16868680749,353222063480749
50058864,16868680750,353222063480750
50058865,16868680751,353222063480751
50058866,16868680752,353222063480752
50058867,16868680753,353222063480753
50058868,16868680754,353222063480754
50058869,16868680755,353222063480755
50058870,16868680756,353222063480756
50058871,16868680757,353222063480757
50058872,16868680758,353222063480758
50058873,16868680759,353222063480759
50058874,16868680760,353222063480760
50058875,16868680761,353222063480761
50058876,16868680762,353222063480762
50058877,16868680763,353222063480763
50058878,16868680764,353222063480764
50058879,16868680765,353222063480765
50058880,16868680766,353222063480766
50058881,16868680767,353222063480767
50058882,16868680768,353222063480768
50058883,16868680769,353222063480769
50058884,16868680770,353222063480770
50058885,16868680771,353222063480771
50058886,16868680772,353222063480772
50058887,16868680773,353222063480773
50058888,16868680774,353222063480774
50058889,16868680775,353222063480775
50058890,16868680776,353222063480776
50058891,16868680777,353222063480777
50058892,16868680778,353222063480778
50058893,16868680779,353222063480779
50058894,16868680780,353222063480780
50058895,16868680781,353222063480781
50058896,16868680782,353222063480782
50058897,16868680783,353222063480783
50058898,16868680784,353222063480784
50058899,16868680785,353222063480785
50058900,16868680786,353222063480786
50058901,16868680787,353222063480787
50058902,16868680788,353222063480788
50058903,16868680789,353222063480789
50058904,16868680790,353222063480790
50058905,16868680791,353222063480791
50058906,16868680792,353222063480792
50058907,16868680793,353222063480793
50058908,16868680794,353222063480794
50058909,16868680795,353222063480795
50058910,16868680796,353222063480796
50058911,16868680797,353222063480797
50058912,16868680798,353222063480798
50058913,16868680799,353222063480799
50058914,16868680800,353222063480800
50058915,16868680801,353222063480801
50058916,16868680802,353222063480802
50058917,16868680803,353222063480803
50058918,16868680804,353222063480804
50058919,16868680805,353222063480805
50058920,16868680806,353222063480806
50058921,16868680807,353222063480807
50058922,16868680808,353222063480808
50058923,16868680809,353222063480809
50058924,16868680810,353222063480810
50058925,16868680811,353222063480811
50058926,16868680812,353222063480812
50058927,16868680813,353222063480813
50058928,16868680814,353222063480814
50058929,16868680815,353222063480815
50058930,16868680816,353222063480816
50058931,16868680817,353222063480817
50058932,16868680818,353222063480818
50058933,16868680819,353222063480819
50058934,16868680820,353222063480820
50058935,16868680821,353222063480821
50058936,16868680822,353222063480822
50058937,16868680823,353222063480823
50058938,16868680824,353222063480824
50058939,16868680825,353222063480825
50058940,16868680826,353222063480826
50058941,16868680827,353222063480827
50058942,16868680828,353222063480828
50058943,16868680829,353222063480829
50058944,16868680830,353222063480830
50058945,16868680831,353222063480831
50058946,16868680832,353222063480832
50058947,16868680833,353222063480833
50058948,16868680834,353222063480834
50058949,16868680835,353222063480835
50058950,16868680836,353222063480836
50058951,16868680837,353222063480837
50058952,16868680838,353222063480838
50058953,16868680839,353222063480839
50058954,16868680840,353222063480840
50058955,16868680841,353222063480841
50058956,16868680842,353222063480842
50058957,16868680843,353222063480843
50058958,16868680844,353222063480844
50058959,16868680845,353222063480845
50058960,16868680846,353222063480846
50058961,16868680847,353222063480847
50058962,16868680848,353222063480848
50058963,16868680849,353222063480849
50058964,16868680850,353222063480850
50058965,16868680851,353222063480851
50058966,16868680852,353222063480852
50058967,16868680853,353222063480853
50058968,16868680854,353222063480854
50058969,16868680855,353222063480855
50058970,16868680856,353222063480856
50058971,16868680857,353222063480857
50058972,16868680858,353222063480858
50058973,16868680859,353222063480859
50058974,16868680860,353222063480860
50058975,16868680861,353222063480861
50058976,16868680862,353222063480862
50058977,16868680863,353222063480863
50058978,16868680864,353222063480864
50058979,16868680865,353222063480865
50058980,16868680866,353222063480866
50058981,16868680867,353222063480867
50058982,16868680868,353222063480868
50058983,16868680869,353222063480869
50058984,16868680870,353222063480870
50058985,16868680871,353222063480871
50058986,16868680872,353222063480872
50058987,16868680873,353222063480873
50058988,16868680874,353222063480874
50058989,16868680875,353222063480875
50058990,16868680876,353222063480876
50058991,16868680877,353222063480877
50058992,16868680878,353222063480878
50058993,16868680879,353222063480879
50058994,16868680880,353222063480880
50058995,16868680881,353222063480881
50058996,16868680882,353222063480882
50058997,16868680883,353222063480883
50058998,16868680884,353222063480884
50058999,16868680885,353222063480885
50059000,16868680886,353222063480886
50059001,16868680887,353222063480887
50059002,16868680888,353222063480888
50059003,16868680889,353222063480889
50059004,16868680890,353222063480890
50059005,16868680891,353222063480891
50059006,16868680892,353222063480892
50059007,16868680893,353222063480893
50059008,16868680894,353222063480894
50059009,16868680895,353222063480895
50059010,16868680896,353222063480896
50059011,16868680897,353222063480897
50059012,16868680898,353222063480898
50059013,16868680899,353222063480899
50059014,16868680900,353222063480900
50059015,16868680901,353222063480901
50059016,16868680902,353222063480902
50059017,16868680903,353222063480903
50059018,16868680904,353222063480904
50059019,16868680905,353222063480905
50059020,16868680906,353222063480906
50059021,16868680907,353222063480907
50059022,16868680908,353222063480908
50059023,16868680909,353222063480909
50059024,16868680910,353222063480910
50059025,16868680911,353222063480911
50059026,16868680912,353222063480912
50059027,16868680913,353222063480913
50059028,16868680914,353222063480914
50059029,16868680915,353222063480915
50059030,16868680916,353222063480916
50059031,16868680917,353222063480917
50059032,16868680918,353222063480918
50059033,16868680919,353222063480919
50059034,16868680920,353222063480920
50059035,16868680921,353222063480921
50059036,16868680922,353222063480922
50059037,16868680923,353222063480923
50059038,16868680924,353222063480924
50059039,16868680925,353222063480925
50059040,16868680926,353222063480926
50059041,16868680927,353222063480927
50059042,16868680928,353222063480928
50059043,16868680929,353222063480929
50059044,16868680930,353222063480930
50059045,16868680931,353222063480931
50059046,16868680932,353222063480932
50059047,16868680933,353222063480933
50059048,16868680934,353222063480934
50059049,16868680935,353222063480935
50059050,16868680936,353222063480936
50059051,16868680937,353222063480937
50059052,16868680938,353222063480938
50059053,16868680939,353222063480939
50059054,16868680940,353222063480940
50059055,16868680941,353222063480941
50059056,16868680942,353222063480942
50059057,16868680943,353222063480943
50059058,16868680944,353222063480944
50059059,16868680945,353222063480945
50059060,16868680946,353222063480946
50059061,16868680947,353222063480947
50059062,16868680948,353222063480948
50059063,16868680949,353222063480949
50059064,16868680950,353222063480950
50059065,16868680951,353222063480951
50059066,16868680952,353222063480952
50059067,16868680953,353222063480953
50059068,16868680954,353222063480954
50059069,16868680955,353222063480955
50059070,16868680956,353222063480956
50059071,16868680957,353222063480957
50059072,16868680958,353222063480958
50059073,16868680959,353222063480959
50059074,16868680960,353222063480960
50059075,16868680961,353222063480961
50059076,16868680962,353222063480962
50059077,16868680963,353222063480963
50059078,16868680964,353222063480964
50059079,16868680965,353222063480965
50059080,16868680966,353222063480966
50059081,16868680967,353222063480967
50059082,16868680968,353222063480968
50059083,16868680969,353222063480969
50059084,16868680970,353222063480970
50059085,16868680971,353222063480971
50059086,16868680972,353222063480972
50059087,16868680973,353222063480973
50059088,16868680974,353222063480974
50059089,16868680975,353222063480975
50059090,16868680976,353222063480976
50059091,16868680977,353222063480977
50059092,16868680978,353222063480978
50059093,16868680979,353222063480979
50059094,16868680980,353222063480980
50059095,16868680981,353222063480981
50059096,16868680982,353222063480982
50059097,16868680983,353222063480983
50059098,16868680984,353222063480984
50059099,16868680985,353222063480985
50059100,16868680986,353222063480986
50059101,16868680987,353222063480987
50059102,16868680988,353222063480988
50059103,16868680989,353222063480989
50059104,16868680990,353222063480990
50059105,16868680991,353222063480991
50059106,16868680992,353222063480992
50059107,16868680993,353222063480993
50059108,16868680994,353222063480994
50059109,16868680995,353222063480995
50059110,16868680996,353222063480996
50059111,16868680997,353222063480997
50059112,16868680998,353222063480998
50059113,16868680999,353222063480999
50059114,16868681000,353222063481000
50059115,16868681001,353222063481001
50059116,16868681002,353222063481002
50059117,16868681003,353222063481003
50059118,16868681004,353222063481004
50059119,16868681005,353222063481005
50059120,16868681006,353222063481006
50059121,16868681007,353222063481007
50059122,16868681008,353222063481008
50059123,16868681009,353222063481009
50059124,16868681010,353222063481010
