25044354796620496,26036441,16830180000
25044368889481937,26036443,16830180001
25048888889576152,26036445,16830180002
25048888906353369,26036447,16830180003
25048888923130586,26036449,16830180004
25048448185666259,26036451,16830180005
25048888956685019,26036455,16830180007
25048878538033879,26036457,16830180008
25048888990239452,26036459,16830180009
25048889007016669,26036461,16830180010
25048889023793886,26036463,16830180011
25048889040571103,26036465,16830180012
25048889057348320,26036467,16830180013
25048889074125537,26036469,16830180014
25048889090902754,26036471,16830180015
25048889090902755,26036473,16830180016
25048889107679972,26036475,16830180017
25048889124457189,26036477,16830180018
25048889141234406,26036479,16830180019
25048889158011623,26036481,16830180020
25048889174788840,26036483,16830180021
25048889191566057,26036485,16830180022
25048889208343274,26036487,16830180023
25048889225120491,26036489,16830180024
25048889225120492,26036491,16830180025
25048889241897709,26036493,16830180026
25048889258674926,26036495,16830180027
25048889275452143,26036497,16830180028
25048892127529722,26036499,16830180029
25048892144306939,26036501,16830180030
25048892161084156,26036503,16830180031
25048892177861373,26036505,16830180032
25048892194638590,26036507,16830180033
25048892211415807,26036509,16830180034
25048892228193024,26036511,16830180035
25048892244970241,26036513,16830180036
25048892278524674,26036515,16830180037
25048892278524675,26036517,16830180038
25048892295301892,26036519,16830180039
25048892312079109,26036521,16830180040
25048892328856326,26036523,16830180041
25048892345633543,26036525,16830180042
25048892362410760,26036527,16830180043
25048892379187977,26036529,16830180044
25048892395965194,26036531,16830180045
25048892412742411,26036533,16830180046
25048892429519628,26036535,16830180047
25048892446296845,26036537,16830180048
25048892463074062,26036539,16830180049
25048892479851279,26036541,16830180050
25048892496628496,26036543,16830180051
25048892496628497,26036545,16830180052
25048892530182930,26036547,16830180053
25048892530182931,26036549,16830180054
25048892546960148,26036551,16830180055
25048892580514581,26036553,16830180056
25048892597291798,26036555,16830180057
25048892597291799,26036557,16830180058
25048892614069016,26036559,16830180059
25048892630846233,26036561,16830180060
25048892647623450,26036563,16830180061
25048892664400667,26036565,16830180062
25048892681177884,26036567,16830180063
25048892697955101,26036569,16830180064
25048892697955102,26036571,16830180065
25048892714732319,26036573,16830180066
25048892731509536,26036575,16830180067
25048892748286753,26036577,16830180068
25048892765063970,26036579,16830180069
25048892781841187,26036581,16830180070
25048892798618404,26036583,16830180071
25048892798618405,26036585,16830180072
25048892815395622,26036587,16830180073
25048892832172839,26036589,16830180074
25048892848950056,26036591,16830180075
25048892865727273,26036593,16830180076
25048892882504490,26036595,16830180077
25048892899281707,26036597,16830180078
25048892916058924,26036599,16830180079
25048892932836141,26036601,16830180080
25048892949613358,26036603,16830180081
25048892949613359,26036605,16830180082
25048892966390576,26036607,16830180083
25048892983167793,26036609,16830180084
25048892999945010,26036611,16830180085
25048893016722227,26036613,16830180086
25048893033499444,26036615,16830180087
25048893050276661,26036617,16830180088
25048893067053878,26036619,16830180089
25048893067053879,26036621,16830180090
25048893083831096,26036623,16830180091
25048893100608313,26036625,16830180092
25048893117385530,26036627,16830180093
25048893134162747,26036629,16830180094
25048893150939964,26036631,16830180095
25048893167717181,26036633,16830180096
25048893167717182,26036635,16830180097
25048893184494399,26036637,16830180098
25048893201271616,26036639,16830180099
25048893218048833,26036641,16830180100
